2018011801  yyding  111111  1000.00 0   
2018011802  mma     222222  1000.00 0   
2018011803  zthang  333333  1000.00 0   
2018011804  zlzhang 444444  1000.00 0   
2018011805  yjli    555555  1000.00 0   
2018011806  lling   666666  1000.00 0   
2018011807  dding   777777  1000.00 0   
2018011808  yzhao   888888  1000.00 0   
2018011809  wltao   999999  1000.00 0   
2018011810  kyxia   111111  1000.00 0   
2018011811  jhluo   222222  1000.00 0   
2018011812  kyshi   333333  1000.00 0   
2018011813  ybow    444444  1000.00 0   
2018011814  jrjiang 555555  1000.00 0   
2018011815  wxlu    666666  1000.00 0   
2018011816  ypeng   777777  1000.00 0   
2018011817  zjcao   888888  1000.00 0   
2018011818  gmu     999999  1000.00 0   
2018011819  jjcai   111111  1000.00 0   
2018011820  ybzhang 222222  1000.00 0   
